Mensagens de exemplo:
		    
		          NS					IMEI
7B 66 00 21 (32 37 36 35 31 31 31 31 31 31) (33 35 33 37 31 39 30 39 31 36 32 35 34 32 34)

	       MAC		              MOD     VER			STATUS
(30 34 39 31 36 32 30 38 30 37 32 42) (A4) (35 35 30) (01 01 01 06) (00 01 10 10 10 02 02 00 03 00 04 00 05 00 06 00 07 00 08 00 09 00 10 00 11 00 12 00 13 00 14 00 15 00 16 00 01 01 01 01 01 01 01 01 01 01 01 01 01 01 01 01) E5



7B 66 00 21 32 37 36 35 31 31 31 31 31 31 33 35 33 37 31 39 30 39 31 36 32 35 34 32 34 30 34 39 31 36 32 30 38 30 37 32 42 A4 35 35 30 01 01 01 06 00 01 10 10 10 02 02 00 03 00 04 00 05 00 06 00 07 00 08 00 09 00 10 00 11 00 12 00 13 00 14 00 15 00 16 00 01 01 01 01 01 01 01 01 01 01 01 01 01 01 01 01 E5








7B 66 00 21 32 37 35 31 34 36 37 34 39 31 33 35 33 37 31 39 30 39 31 36 32 35 34 32 34 30 34 39 31 36 32 30 38 30 37 32 42 A4 35 35 30 01 01 01 06 00 01 10 10 10 02 02 00 03 00 04 00 05 00 06 00 07 00 08 00 09 00 10 00 11 00 12 00 13 00 14 00 15 00 16 00 01 01 01 01 01 01 01 01 01 01 01 01 01 01 01 01 E5

	

7B 66 36 21 32 36 38 34 36 33 37 35 32 39 FF FF FF FF FF FF FF FF FF FF FF FF FF FF FF 30 34 39 31 36 32 37 30 46 37 46 38 A0 35 34 30 02 01 01 06 00 01 01 63 90 63 90 00 03 00 04 00 00 00 00 00 00 00 00 00 00 00 00 00 00 00 00 00 00 00 00 00 00 00 00 00 01 00 00 00 00 00 00 00 00 00 00 00 00 00 00 00 62